0.37246476701669734
-0.05223162624800042
0.09970465651265088
-0.02412538767364991
-0.45390257145808954
0.0963550931250823
-0.5331302449335633
0.4661941993075003
0.07002604278474406
-0.3835083060451553
-0.5108995275614083
-0.5323160002250703
0.40495382695773413
0.2577689779382479
0.11919163275418408
0.09748275390356725
0.42591276820521745
-0.23901661500160826
0.4578407427940135
0.33079158513663043
-0.3025097344922786
0.21051385605241896
-0.0285780840233745
0.06612114417147252
-0.08516257331349666
0.604919307399695
-0.14178755314857022
-0.2648184914771108
-0.5043937445703977
0.02600192134515879
-0.30635388595685614
-0.09783196162678201
-0.22360594663802372
-0.28550355015966455
-0.11176043177387902
-0.3804108037195222
0.06932678594825163
-0.04787774915056599
-0.10695236785687219
-0.11630179028096146
-0.3779080772360038
0.15991895324316452
-0.31700836431804486
0.034174445371522776
0.5587208801535478
-0.13104738150444623
-0.7438842927738065
0.017471655736764253
0.3542347710858205
0.02754562818210038
0.31622007955855025
0.17003193501438602
-0.2518203082293382
-0.27834535239089503
-0.1710981469654188
-0.2988151317631428
-0.24027477581303575
0.14606417625932186
0.007580212477293015
-0.03040802147435406
-0.052361048469483466
0.5289426909982593
-0.22406714327310479
0.26302491046482546
-0.30226540143162456
-0.008712209719419892
-0.24559989630633933
0.1947435874272962
0.33037438706637984
-0.11777629268274589
-0.4291104831044607
0.12041987495061202
0.04204806479839981
0.17043235463885667
-0.1493534072262875
-0.5683134495944443
0.05743886289903649
0.04678733253844989
0.09413423861194403
-0.6442730977943345
-0.3000903148539673
0.008610566708937025
0.05884828446522839
-0.5177747944581883
-0.17264774623938378
0.08289576313820529
0.15038404875085207
-0.11897665000213078
0.040066013790647316
0.04808308187754031
-0.26124882243400205
-0.3755524574971737
0.16820494801548116
-0.00039707157260712077
-0.1723642504040712
0.6102000613108528
-0.25645410673537655
-0.42031668781249226
0.25929906097760247
0.6073557504767215
-0.04485255701926369
0.2812379926345511
-0.2736620323754119
0.12628244467788563
0.13304491274874602
-0.07873777914180952
-0.5508844916009953
-0.4257601939089387
-0.36210807626582997
-0.2017648092031766
-0.22284967345993079
0.040818306043932925
-0.33181505565718594
-0.05361585257385394
-0.1821319335451891
0.20450296654614772
0.7195788019220636
-0.2481543122302097
0.2482070758580433
0.16073405883942316
0.6485831915214952
0.4236628741302701
-0.36709742144252255
-0.0008568669584548439
-0.3231068069336981
-0.5451377832395095
0.27721321294226253
0.14645338475969277
0.12206535562447482
0.02020757006477273
0.0172297161454163
0.004662207812456297
0.02729256757119253
0.07109373124684319
0.0392710004363647
0.34250964717920407
-0.08511595417765251
0.11090279450873276
0.37656620953842834
0.22890933295045993
-0.26203369635251983
0.12354817423951595
-0.45414567623969465
-0.0391460595016724
-0.013467342383826556
0.0953996903819281
0.1222873017151593
0.09855468122083515
-0.11586077035820727
-0.008240493306120696
-0.10164215680231148
-0.4659771031277677
-0.3536834710288743
0.6320670545566945
-0.19142274219870797
-0.20021968202086785
-0.2635113386968994
0.5008926183581399
-0.39487257407015225
-0.5210973680658674
-0.09039955554151016
-0.2235942694408382
0.5786579115562673
-0.06142533166739139
-0.201109789419298
0.5672038821538967
0.09611029999488684
-0.5254742197674277
0.37457476827084385
-0.5297487884889438
-0.15215607958759284
-0.06934784438407944
0.10133290425346292
0.07072000459184011
-0.4696054009138626
0.28828390264639603
0.055179164448548514
-0.193330299112246
-0.2921238412801127
-0.07242547073915453
0.3583758432930408
0.4484698812389999
0.19792215733371307
0.36535752737092925
-0.4654640365204234
0.2544513446977509
-0.35552059846064826
0.0132333295539007
-0.21616074829124596
-0.18811515629667278
-0.21491760073762134
-0.01175940456828496
0.5485425277976392
-0.2904966368379042
-0.06265305657557728
-0.31716416131988384
0.14363686688518615
-0.30526380897799305
-0.516332472512332
-0.24241375984116975
-0.19653020141747132
-0.4347334731433136
0.2847925595727154
0.3563835672982441
0.09934840700801306
-0.7112982156806722
0.21177018662108715
-0.013856320189365045
0.04957804558666555
0.5041222211866072
-0.33969293857040245
0.6324233437058405
-0.14962852521499373
-0.10106375307878164
0.0723176316283124
-0.2208735721104172
0.009476307118706631
0.29191350462156473
-0.0925929579499804
0.2603697242820124
-0.2473148933070228
-0.059376797974065046
0.26397199658855847
0.10033992638072242
0.2657232694429139
-0.5170188626950667
-0.04950927474771879
0.2305213174253411
-0.14348207049869463
-0.3178261843457899
0.006525110524101579
1.0014472800910537
0.32190098652852883
-0.11743925895858222
0.2904927334033201
0.08719541914225906
-0.36917491210085424
-0.03204797781570928
-0.15858281862584306
0.04925511807299477
-0.3727964494461202
-0.3574720051907509
-0.1592696055522592
0.20655710130707383
0.22294473784734817
0.24537018733264646
0.4108430347172876
0.6694422863415391
0.23879875999058278
-0.2545966559898087
-0.3362003460013311
0.18995735961478602
0.9371418475963288
-0.01158212685862701
0.24079393132532664
0.01749619454280279
0.24035139959451804
-0.4207226501703369
0.10020111040738279
0.028572874536330204
-0.22301412497131284
0.004831593222333033
0.2686908668112744
-0.3518133836308429
0.01092571873873968
0.30881650444144604
-0.37829171797139355
0.2315416194618667
-0.11422551457898913
0.4371296157257413
-0.3844589427998574
-0.33845188349941807
0.057418909038202966
-0.57377519349811
0.03988779978538041
-0.42309379596644264
0.22134627425307696
0.15329012083185045
-0.09181716550218363
0.6496384037309403
0.318053322678983
0.27416627146044403
-0.10475394535922056
0.4132342583156221
-0.659501157527619
0.27772472058982756
-0.06689860424249357
-0.14330883718566723
0.42326793557215203
-0.07918169061015166
0.16313644001568256
-0.5808980672174823
-0.3584434208249347
-0.396669370671303
-0.5093502845787633
-0.3875473434547203
-0.25497301675340045
0.10224385732396093
-0.4871175519315493
-0.13086547302675536
0.3874370909023367
-0.6312260080367309
-0.10291101983548626
0.15609675443310228
0.12821268836038188
-0.5511280934676873
0.0694770521406583
0.2839346184829171
0.19896412487610404
0.06243688136013661
0.10035015504762214
-0.06449103034134886
0.019323273329659676
-0.45851020102329443
0.15692170954569495
-0.2573861074481036
0.07983926246737169
0.18440219486485293
-0.07003846407178022
0.20187867692216557
-0.3689083444216882
-0.12135554570812947
-0.3923385485097399
0.10529156951725553
0.0642765778657478
0.06363629840242059
0.11308041722109961
-0.5915887890645662
0.150388443433619
-0.2979629492561484
0.05082571562061277
-0.38336655478848297
-0.016389993410355793
0.40317151919515537
0.43983294194712275
0.21272408367480006
0.1978471439079601
-0.11329702417042667
-0.044735155117073586
-0.361050996631224
0.3258750630676825
0.23710633209861248
-0.5057133890821336
0.2906051085640465
0.4787161339925201
-0.49995505921620315
-0.36466936586842175
0.0409594431873901
-0.12842148437905518
0.16984432213140851
-0.053547336934489966
0.1401658651816474
0.11654533301040437
-0.247495057212666
0.09846878213639054
-0.5829329103489685
-0.07125715071567514
-0.5113291537152527
0.35565030471898107
-0.3329219403300984
-0.38385238206193595
-0.046720603043221134
-0.4042243831534417
0.06230321839017802
0.18124620747690304
-0.2662012896471427
-0.3431931385921798
0.28474927816545337
-0.5566659363318585
0.11378447869950531
-0.12020458771232037
-0.6838973007270014
0.036565307236337406
-0.34775687727118154
0.14719268615501238
-0.43036540951166646
-0.03111409889319413
0.45121780222089986
-0.08592996486344263
0.13351279692110676
0.2325963845169484
-0.15691295210403644
-0.10961848729062411
-0.1456369692623793
-0.037471715691407816
0.08643239746855846
0.032067461674744786
-0.15286489139692466
0.30045838491412885
0.15935558379032433
0.1833696756887958
0.32196972785080963
0.05425938834772601
-0.2587395749430817
0.0804658932476235
-0.2852162909636372
-0.10256148243493685
0.23233497986568746
-0.5940925331031512
0.044169564294932476
0.16591879993268024
-0.0408544913501433
0.07414798152860728
-0.20398585298182306
0.41706128337866977
0.16186494982528934
0.1037392618943169
0.13522709630506682
0.2400132498272101
-0.015912532681158845
0.3802827276657338
-0.047561089282010714
-0.2454479544758655
-0.087961756293572
-0.23321687926967025
-0.004129129153485359
-0.18830200203541483
0.27298056656985
0.4072014630589842
-0.21389370010855613
0.06095119315164869
0.1219278908692073
0.5273987002461954
0.1476501233070181
-0.09863569207966888
-0.4767821804217509
-0.19099666188612552
-0.03684931605974004
-0.31136971566818467
-0.11871534976490869
0.3125185549519526
-0.20162409438744797
0.2148331115256367
0.3075696368068947
-0.09671438722552422
-0.10567276536136645
-0.06509395136722665
-0.26423554899551577
-0.22161882279325623
-0.1479248727004629
-0.30640910356027834
-0.45499625364524193
0.1907089700623183
0.45191847558593695
0.0207364462169301
0.1072028748631095
0.09096146348686932
-0.26053386692443875
-0.203551553485386
0.5109321443330588
0.4575156909377342
0.34638275135595464
0.12695220208867278
0.39209336981449244
-0.08949003802421115
-0.8679060293634074
-0.38404576688783465
-0.22143786507350324
0.2461620956921333
-0.17468589304965554
-0.3409591987196947
0.11561576846828327
0.44005703876200974
-0.10790127319080757
0.500735233894055
-0.19928680712834335
-0.12456922819321144
0.2186559507951887
-0.4081758355640197
0.17965181009269784
-0.3667539566108362
-0.8390910767313934
-0.37706052951823826
0.1637752414765961
0.34762395152542513
-0.5344763378618301
0.011848837446562144
-0.11971558679973872
-0.22329622952042574
-0.051781397438398206
-0.36850167397333894
-0.1702113917485995
-0.1512047129714373
-0.1906607594023849
0.19956820544121903
0.2686264901014201
-0.07772563516746439
-0.2724523015594377
0.3196049228060882
0.09453860765586217
0.09332593606256442
0.44208599145884386
0.15006470931519267
0.2844624025968595
0.042588834836166885
0.146712463881493
-0.29110954515339005
-0.3774538026719556
0.026338720342692096
0.23385176251498652
-0.516160749897378
-0.1690374972061852
0.2824750063403139
0.2509935292873574
-0.26670585892168536
0.13261220985779149
0.02318105751170828
-0.22703613430651035
0.21733659185248658
-0.3021430422935759
0.44639166533136254
-0.7047158102285461
0.4788173511167143
-0.10246594960693069
-0.0701612922238495
0.10582856923889039
-0.14267405072338912
-0.175757776021949
0.013228837652378667
-0.0688773793119843
0.1928816193671862
-0.36040274371320247
-0.5610224023469065
-0.5284147109919857
-0.5332522170567954
0.1882491742391157
-0.1656679913968886
0.23387534992448117
-0.26243453763661023
0.4859996192942915
-0.4540665934327142
0.4949771872751925
0.12738844860624876
-0.011620030337439344
-0.06936057818364484
0.12377019687747544
0.08163541445927641
0.12728334047807371
-0.250390918050204
0.043158044956039955
-0.3863244305002473
0.27904922481301736
-0.08621651124357718
-0.14794288038901524
0.25681728226561085
-0.07681590441271065
0.09879073090312773
-0.09679765781962044
-0.06375678787289044
0.0907809855330812
-0.037655553948945084
-0.016900711317502076
-0.15625353077727197
-0.20054085342784486
-0.012615314248980507
-0.06533656064051174
-0.08176303455267357
0.012833162101770771
0.027724352879821206
0.08850249234853932
-0.568840631393207
-0.15652289921535367
-0.47382879589565075
0.20215765998853294
0.22541430179949423
0.13960798932630722
-0.33273553379436305
0.03509578417378549
-0.13458478944328892
-0.16572510340450236
0.026003133225369228
-0.28610793042304716
-0.04371538874772156
0.2536699967218282
-0.11595862469048926
-0.30220868089566133
-0.27406227039108255
0.209392116215619
-0.026223909868794935
-0.060062044299758026
-0.12424504668575434
-0.5304078714480861
-0.04130722194487383
-0.47052040896809927
0.04926195347091554
-0.2523332327591481
-0.07679954570260401
0.3507368692430466
-0.21580327255267487
0.22758804895094709
0.09617329078079093
-0.3994771130722923
0.7024744133272862
-0.21428920708275823
0.506177808342984
-0.44212080262400877
0.5481915765021597
-0.03936777710855323
-0.2352864844817623
0.14563492951651075
0.2580662949822532
-0.27493020050737255
0.3128241435710601
0.02296122517801951
0.20601609225045137
-0.11221151929113926
0.5860264868779635
-0.5877714006351594
0.7672635720820163
-0.22837947707868464
0.6396498830842291
-0.33175319613367477
0.3567932617041829
-0.31612922622535056
0.0736697951279813
-0.16153550937434463
-0.0246749137652198
-0.26580825609677716
0.6833747440694085
-0.16210370238330082
0.4018574328678258
-0.3878863310868861
0.2290500172239548
0.3012249246132843
-0.2159330774856889
0.575156326583184
-0.3465610039435466
0.18411191158212264
0.24985571491918662
-0.18159734205523897
-0.16129774427987761
0.39558688140677
-0.13567276940419173
-0.15578851051957768
-0.36903891390109644
0.43906066333205157
-0.041297055125118595
0.2454174410662792
0.21838799754530028
-0.2514255606685434
-0.027715505529666
-0.15593912975949686
0.2371973959461333
0.16002377767467124
-0.22715211852239067
-0.32106340079536094
-0.05908101323866191
0.0962947893319761
-0.09226329001151541
-0.6225702020348458
-0.11066549456651631
0.23871089769717194
0.1963044346637462
0.2557489635000349
0.1428045976597577
-0.15695172819695494
0.5150798271502569
-0.2305441969558197
0.2501574850934951
-0.017849355068909122
0.0346380625856944
0.3445913310870272
0.05418703811194992
-0.12234470231378489
0.09645302178200642
-0.21146643255124759
0.1918289544511909
0.19075896299717668
-0.1408995448682049
-0.03397251634716563
0.13873098723889296
0.36642842936829784
0.7005929367015595
0.2840031623708733
0.332819132033354
0.43924913689496997
-0.311364657511692
-0.28841909593538306
0.6364894124111249
0.22228774268259396
0.047606353773499685
-0.34352370980071834
-0.271932392384985
-0.42235801208933327
-0.4795730744504832
-0.16590427375889982
0.13531311965083026
-0.17243887143015396
0.14293576143329953
0.5459268787924
0.0025173873085714417
0.06705941511195629
-0.37346794028409536
-0.043310696506554766
0.10333249308558304
0.05733404382949659
0.42028914203986595
-0.2528248555479707
-0.029669598327361234
0.3670649287470183
-0.13623876897154538
0.23759357206039827
-0.06698074862549507
0.0286253255847092
-0.22129654466726423
-0.4010643282076616
0.12676863665401575
-0.23600760111707653
-0.04966330927535211
-0.3824443867557893
0.3033574471099472
-0.04978748385139521
-0.018119542101312145
-0.290376898806259
-0.10222159477374174
-0.3798341132403554
0.32480539848185236
0.03442364037509377
0.06643825552512879
-0.1905156253683076
-0.32896135704126356
0.380944215856369
0.2381389295695349
0.5352964144850593
-0.24780739705170757
0.05029536284484669
-0.5776951579379034
0.1322260056986213
0.3478491739628824
-0.5211651822375363
0.012547149384111111
-0.4953732536018843
-0.39363613699824246
0.1945209535926053
-0.3190710005199359
0.3286296776980889
0.11966303494129758
0.5308628415027495
-0.01766041487073026
0.24717988457354562
0.1964240306100968
0.34276503406035036
-0.4683372503103533
0.050320254101535594
-0.423122989999183
-0.21526609919494488
0.3331352985122535
-0.26581727141494665
0.6235774250474367
-0.05581705778119177
-0.3974787084186292
0.047369404820579324
-0.10471088189760581
-0.45182689257199515
-0.3130945515148407
-0.43235022959429725
0.16739151290632304
-0.032355118532146385
0.04830290807109046
-0.029382286512807956
0.08958440726504148
-0.0647527919521525
-0.522580251613481
-0.20548286431457022
-0.2392397155926045
-0.013586075797934517
-0.18177897486451655
-0.020581950868261135
-0.01035874540102443
-0.45865576852798856
0.06226095905391212
0.08108302626305798
-0.24809291195930736
-0.6474124828509601
-0.03645666529262908
-0.05919540360429186
0.3819822738141058
0.15746957884088159
0.1654509908009345
0.05354661800884772
-0.044773618781438006
-0.14833778921326635
-0.1982116428058687
0.22675150357870671
0.390887111880316
-0.5524523124531037
0.04872298021921693
1.0821329406546667
-0.017481516758952164
0.46920789105607547
-0.22460974536122338
0.7407461403109401
0.052431759195692915
0.40012599566871593
-0.0715462675622375
0.2579965744064891
0.3733191214892851
-0.22693439384543296
0.34768334286435937
-0.09286963367463098
0.028921113333833365
0.5656077134578922
-0.17096707151205964
-0.3972625079644087
0.1818518856544473
-0.31717030750193337
0.35117453149412564
-0.4242651905275551
0.35359652699284994
-0.3934937258517774
0.1343990109427126
-0.06370917209231404
-0.372693149708555
-0.07462576362190722
0.20337048717027562
-0.2905216145405973
-0.3063557857301473
0.20181186131433546
0.02455840212053777
0.24335769069035956
0.1641557856746322
-0.7857385313148262
-0.5646743298398764
0.020595338315236588
0.2201072108484026
-0.15616112808078855
-0.2601281722716756
0.10819101100635324
-0.13555919206431516
-0.27382920947049083
0.0939020037774523
-0.04701243145529944
0.2314364506236902
-0.31084585016669214
0.013317018809897408
-0.1201485052550203
-0.2197273812057951
0.4362115565726802
-0.5493243923423485
0.22642062144235725
0.025349453745284866
0.17708795206651676
0.2526803727166315
0.3676499639748285
0.23940982655275608
0.08822341788286507
-0.02002233491552155
0.021392661161648334
-0.2204280090201885
-0.39308845587856067
0.2672793027706451
-0.21623068188107905
-0.03785878828366166
-0.5507580189257187
-0.27225802292255
0.121787075197576
-0.03324889980854314
0.053500579895939454
0.56504023176143
0.08247618839497436
0.21957387295551065
0.2164071891156918
-0.4745144537914935
-0.3179789528222617
0.4089698871485238
-0.30139714936030443
-0.002536733170906778
-0.30010481963720487
-0.002604009333976234
0.27151934944419004
-0.3172522643759122
0.15690628630928244
-0.1347711433188326
0.021944133547842214
-0.01063504478214841
-0.19571307142181774
0.028287655526171872
-0.0474483892658848
0.10168797959958749
0.02996564429049496
-0.696875085313861
-0.5198324761762974
-0.03694360343324886
0.32027975199210074
-0.28695491984069305
-0.02524515333094182
-0.2621042911395935
-0.2030805319041123
0.013657746990500921
0.38387649366109977
-0.5398143228414152
0.24744054764340262
0.12664532600843353
0.04694456315848965
0.07827119654369906
0.055594155164491905
-0.08471426216780423
-0.32108586566291425
0.20129491438740177
-0.004516490575692448
0.6010592556606069
-0.36297412623787234
-0.7212260388129677
-0.12385463895872006
0.08368852715693675
-0.5364573603737293
-0.2354141786905353
-0.1574205413323055
0.17085280690419585
-0.45470054434900264
0.024673975991401396
-0.519774773976998
0.35659979021000165
0.239881460668088
0.3219574391201914
0.39337511215835075
-0.13661163827221462
-0.45462137199949115
0.2214331478006042
0.3460407091426436
-0.637430943189545
0.23777070312053655
-0.383349581937233
-0.04952743242946635
0.5256045615299498
0.41463695338692447
0.11969364426401627
0.458542154225525
0.10845864031460706
-0.16694990201682497
-0.3399667003291943
0.6354263397651835
-0.439999128573176
0.1062247018784752
0.05947034124108075
0.34796023949822824
0.12172849765158403
-0.37913985048785875
0.05318850785168796
0.30137611638692285
-0.25748596343313085
0.10434052312047239
0.14221505630482514
0.22291746408899268
0.5021524139685241
-0.6605393144617725
0.25790653470157204
-0.7920951556180561
0.5471351984957595
-0.16762181971645548
0.5009825004986799
0.36583488325177477
0.2325069335045572
-0.07930403830290557
0.4404367817483301
-0.06978301118777608
0.1644639756364824
0.06932960960705051
0.0492793135427766
0.6468297703396011
-0.40468749938645937
-0.06049563318066478
0.21476788269952643
-0.13768317372016645
-0.08939677680392655
0.15968211819089215
-0.1821450266497443
0.1485892520147647
-0.36245861114289546
0.41967809795187083
0.04539389432492543
-0.38751796189138393
0.03186614601441173
0.13937677785948283
0.0969439965146363
-0.007354932723155727
0.54482281772477
-0.14443244332695207
-0.4393598536222101
0.06013645245968309
0.22576582238158147
-0.08457643512775782
-0.009397717593794847
-0.2613690228342174
-0.1989841031827549
-0.3921754099440991
-0.20959478638255705
0.22989165089651825
-0.4091042457230603
-0.14841688837782974
-0.007418759762400107
0.4592490766421558
-0.1111743092088879
-0.11995768027533003
0.09187740174864009
0.10162030977440284
-0.1833232051217266
-0.27727162590916565
0.07029815620214853
-0.0753151928192093
-0.194226218801736
-0.5497642040001259
-0.2089207954473856
0.1805843354115078
0.2231803540996068
0.4456126502445525
-0.11414003791750257
0.26592554630746684
-0.15540618808932846
0.14492341654559068
-0.1267991695862126
0.42727784190805007
0.003941491519444728
0.15338933232543675
0.27188072542894376
0.5359705956602777
-0.1200016088549083
0.3254328773464428
0.07674134853981468
0.27385656207503967
-0.6663931531542548
0.020104355857896942
0.008759574169155227
0.3166736161644434