-18.653686
-18.634417
-18.613987
-18.592337
-18.569402
-18.545116
-18.519412
-18.492216
-18.463456
-18.433053
-18.400928
-18.366997
-18.331173
-18.293368
-18.253488
-18.211437
-18.167116
-18.120422
-18.071249
-18.019488
-17.965025
-17.907743
-17.847524
-17.784243
-17.717772
-17.647982
-17.574737
-17.497901
-17.417331
-17.332882
-17.244407
-17.151753
-17.054765
-16.953284
-16.847149
-16.736195
-16.620252
-16.499151
-16.372717
-16.240773
-16.103140
-15.959636
-15.810076
-15.654275
-15.492043
-15.323190
-15.147526
-14.964856
-14.774986
-14.577721
-14.372866
-14.160224
-13.939600
-13.710798
-13.473622
-13.227879
-12.973375
-12.709919
-12.437322
-12.155397
-11.863959
-11.562828
-11.251827
-10.930782
-10.599524
-10.257890
-9.905721
-9.542865
-9.169175
-8.784511
-8.388743
-7.981745
-7.563401
-7.133605
-6.692258
-6.239272
-5.774570
-5.298085
-4.809760
-4.309553
-3.797431
-3.273376
-2.737383
-2.189459
-1.629628
-1.057926
-0.474405
0.120867
0.727806
1.346312
1.976270
2.617545
3.269987
3.933429
4.607683
5.292545
5.987793
6.693187
7.408465
8.133350
8.867545
9.610732
10.362577
11.122726
11.890805
12.666423
13.449169
14.238613
15.034308
15.835790
16.642573
17.454159
18.270028
19.089647
19.912464
20.737913
21.565413
22.394367
23.224165
24.054183
24.883785
25.712323
26.539137
27.363558
28.184907
29.002495
29.815628
30.623602
31.425710
32.221240
33.009473
33.789691
34.561173
35.323196
36.075040
36.815985
37.545314
38.262313
38.966276
39.656500
40.332291
40.992962
41.637838
42.266254
42.877555
43.471101
12.551899
12.829985
13.098278
13.356489
13.604339
13.841558
14.067886
14.283074
14.486886
14.679095
14.859487
15.027860
15.184026
15.327809
15.459046
15.577589
15.683303
15.776069
15.855780
15.922346
15.975690
16.015752
16.042486
16.055860
16.055860
16.042486
16.015752
15.975690
15.922346
15.855780
15.776069
15.683303
15.577589
15.459046
15.327809
15.184026
15.027860
14.859487
14.679095
14.486886
14.283074
14.067886
13.841558
13.604339
13.356489
13.098278
12.829985
12.551899
12.264317
11.967543
11.661893
11.347685
11.025247
10.694911
10.357016
10.011904
9.659923
9.301423
36.815985
36.075040
35.323196
34.561173
33.789691
33.009473
32.221240
31.425710
30.623602
29.815628
29.002495
28.184907
27.363558
26.539137
25.712323
24.883785
24.054183
23.224165
22.394367
21.565413
20.737913
19.912464
19.089647
18.270028
17.454159
16.642573
15.835790
15.034308
14.238613
13.449169
12.666423
11.890805
11.122726
10.362577
9.610732
8.867545
8.133350
7.408465
6.693187
5.987793
5.292545
4.607683
3.933429
3.269987
2.617545
1.976270
1.346312
0.727806
0.120867
-0.474405
-1.057926
-1.629628
-2.189459
-2.737383
-3.273376
-3.797431
-4.309553
-4.809760
-5.298085
-5.774570
-6.239272
-6.692258
-7.133605
-7.563401
-7.981745
-8.388743
-8.784511
-9.169175
-9.542865
-9.905721
-10.257890
-10.599524
-10.930782
-11.251827
-11.562828
-11.863959
-12.155397
-12.437322
-12.709919
-12.973375
-13.227879
-13.473622
-13.710798
-13.939600
-14.160224
-14.372866
-14.577721
-14.774986
-14.964856
-15.147526
-15.323190
-15.492043
-15.654275
-15.810076
-15.959636
-16.103140
-16.240773
-16.372717
-16.499151
-16.620252
-16.736195
-16.847149
-16.953284
-17.054765
-17.151753
-17.244407
-17.332882
-17.417331
-17.497901
-17.574737
-17.647982
-17.717772
-17.784243
-17.847524
-17.907743
-17.965025
-18.019488
-18.071249
-18.120422
-18.167116
-18.211437
-18.253488
-18.293368
-18.331173
-18.366997
-18.400928
-18.433053
-18.463456
-18.492216
-18.519412
-18.545116
-18.569402
-18.592337
-18.613987
-18.634417
-18.653686
-18.671854
-18.326991
-18.302380
-18.276420
-18.249028
-18.220115
-18.189584
-18.157330
-18.123242
-18.087197
-18.049063
-18.008700
-17.965952
-17.920654
-17.872623
-17.821665
-17.767566
-17.710094
-17.648998
-17.584003
-17.514810
-17.441093
-17.362494
-17.278625
-17.189058
-17.093324
-16.990910
-16.881251
-16.763726
-16.637651
-16.502270
-16.356749
-16.200165
-16.031497
-15.849608
-15.653238
-15.440984
-15.211279
-14.962376
-14.692319
-14.398914
-14.079698
-13.731901
-13.352397
-12.937655
-12.483675
-11.985919
-11.439225
-10.837703
-10.174623
-9.442268
-8.631771
-7.732909
-6.733866
-5.620940
-4.378192
-2.987018
-1.425626
0.331597
2.314883
4.560046
7.109701
10.014779
13.336432
17.148448
21.540324
26.621210
32.524995
39.416935
40.934265
33.829360
27.750271
22.524600
18.012870
14.101539
10.697642
7.724647
5.119229
2.828743
0.809230
-0.976163
-2.558444
-3.963785
-5.214331
-6.328854
-7.323280
-8.211108
-9.003753
-9.710807
-10.340248
-10.898580
-11.390930
-11.821079
-12.191442
-12.502958
-12.754901
-12.944557
-13.066718
-13.112928
-13.070335
-12.919961
-12.634048
-12.171921
-11.473428
-10.448258
-8.958101
-6.785884
-3.580841
1.243644
8.709155
9.753601
1.631066
-3.684632
-7.290156
-9.812533
-11.625646
-12.960637
-13.964971
-14.735367
-15.336837
-15.814051
-16.198314
-16.511965
-16.771202
-16.987954
-17.171125
-17.327445
-17.462068
-17.578977
-17.681291
-17.771469
-17.851472
-17.922877
-17.986961
-18.044769
-18.097160
-18.144847
-18.188423
-18.228389
-18.265166
-18.299115
-18.330542
-18.359711
-18.386850
-18.412158
-18.435807
-18.457950
-18.478718
-18.498231
-18.516592
-18.533895
-18.550224
-18.565652
-18.580247
-18.594069
-18.607174
-18.619610
-18.631423
-18.642655
-18.653343
-18.663521
-18.673221
-18.682472
-18.691302
-18.699734
-18.707792
-18.715497
-18.722869
-18.729925
-18.736684
-18.743160
-18.749369
-17.894284
-17.843779
-17.790840
-17.735350
-17.677187
-17.616221
-17.552318
-17.485335
-17.415125
-17.341532
-17.264393
-17.183538
-17.098786
-17.009950
-16.916835
-16.819232
-16.716927
-16.609692
-16.497291
-16.379473
-16.255978
-16.126534
-15.990852
-15.848632
-15.699559
-15.543304
-15.379520
-15.207844
-15.027896
-14.839278
-14.641571
-14.434338
-14.217120
-13.989435
-13.750780
-13.500626
-13.238418
-12.963576
-12.675491
-12.373525
-12.057009
-11.725242
-11.377490
-11.012982
-10.630910
-10.230429
-9.810651
-9.370646
-8.909441
-8.426013
-7.919292
-7.388154
-6.831425
-6.247871
-5.636199
-4.995054
-4.323016
-3.618598
-2.880237
-2.106300
-1.295072
-0.444756
0.446532
1.380765
2.360013
3.386444
4.462333
5.590062
6.772129
8.011153
9.309877
10.671179
12.098073
13.593720
15.161433
16.804684
18.527112
20.332534
22.224948
24.208545
26.287719
28.467075
30.751440
33.145875
35.655682
35.655682
33.145875
30.751440
28.467075
26.287719
24.208545
22.224948
20.332534
18.527112
16.804684
15.161433
13.593720
12.098073
10.671179
9.309877
8.011153
6.772129
5.590062
4.462333
3.386444
2.360013
1.380765
0.446532
-0.444756
-1.295072
-2.106300
-2.880237
-3.618598
-4.323016
-4.995054
-5.636199
-6.247871
-6.831425
-7.388154
-7.919292
-8.426013
-8.909441
-9.370646
-9.810651
-10.230429
-10.630910
-11.012982
-11.377490
-11.725242
-12.057009
-12.373525
-12.675491
-12.963576
-13.238418
-13.500626
-13.750780
-13.989435
-14.217120
-14.434338
-14.641571
-14.839278
-15.027896
-15.207844
-15.379520
-15.543304
-15.699559
-15.848632
-15.990852
-16.126534
-16.255978
-16.379473
-16.497291
-16.609692
-16.716927
-16.819232
-16.916835
-17.009950
-17.098786
-17.183538
-17.264393
-17.341532
-17.415125
-17.485335
-17.552318
-17.616221
-17.677187
-17.735350
-17.790840
-17.843779
-17.894284
-18.942468
-18.942468
-18.942468
-18.942468
-18.942468
-18.942468
-18.942468
-18.942468
-18.942468
-18.942468
-18.942468
-18.942468
-18.942468
-18.942468
-18.942468
-18.942468
-18.942468
-18.942468
-18.942468
-18.942468
-18.942468
-18.942468
-18.942468
-18.942468
-18.942468
-18.942468
-18.942468
-18.942468
-18.942468
-18.942468
-18.942468
-18.942468
-18.942468
-18.942468
-18.942468
-18.942468
-18.942468
-18.942468
-18.942468
-18.942468
-18.942468
-18.942468
-18.942468
-18.942468
-18.942468
-18.942468
-18.942468
-18.942468
-18.942468
-18.942468
-18.942468
6.057532
6.057532
6.057532
6.057532
6.057532
6.057532
6.057532
6.057532
6.057532
6.057532
6.057532
6.057532
6.057532
6.057532
6.057532
6.057532
6.057532
6.057532
6.057532
6.057532
6.057532
6.057532
6.057532
6.057532
6.057532
6.057532
6.057532
6.057532
6.057532
6.057532
6.057532
6.057532
6.057532
6.057532
6.057532
6.057532
6.057532
6.057532
6.057532
6.057532
6.057532
6.057532
6.057532
6.057532
6.057532
6.057532
6.057532
6.057532
6.057532
6.057532
6.057532
6.057532
6.057532
6.057532
6.057532
6.057532
6.057532
6.057532
6.057532
6.057532
6.057532
6.057532
6.057532
6.057532
6.057532
6.057532
6.057532
6.057532
6.057532
6.057532
6.057532
6.057532
6.057532
6.057532
6.057532
6.057532
6.057532
6.057532
6.057532
6.057532
6.057532
6.057532
6.057532
6.057532
6.057532
6.057532
6.057532
6.057532
6.057532
6.057532
6.057532
6.057532
6.057532
6.057532
6.057532
6.057532
6.057532
6.057532
6.057532
6.057532
6.057532
6.057532
34.627906
34.599359
34.570018
34.539863
34.508870
34.477016
34.444277
34.410629
34.376047
34.340503
34.303973
34.266428
34.227840
34.188180
34.147419
34.105525
34.062468
34.018215
33.972733
33.925987
33.877943
33.828564
33.777814
33.725655
33.672046
33.616949
33.560321
33.502120
33.442303
33.380824
33.317637
33.252696
33.185950
33.117351
33.046846
32.974383
32.899907
32.823363
32.744692
32.663837
32.580735
32.495325
32.407543
32.317323
32.224597
32.129295
32.031346
31.930676
31.827210
31.720870
31.611577
31.499248
31.383799
31.265143
31.143191
31.017852
30.889032
30.756633
30.620557
30.480701
30.336961
30.189228
30.037392
29.881338
29.720950
29.556107
29.386685
29.212557
29.033593
28.849657
28.660613
28.466318
28.266626
28.061387
27.850448
27.633650
27.410830
27.181821
26.946451
26.704543
26.455916
26.200383
25.937752
25.667827
25.390404
25.105276
24.812227
24.511039
24.201486
23.883334
23.556345
23.220273
22.874867
22.519867
22.155007
21.780012
21.394601
20.998485
20.591366
20.172939
19.742891
19.300897
18.846626
18.379737
17.899880
17.406695
16.899811
16.378847
15.843414
15.293108
14.727516
14.146215
13.548768
12.934726
12.303628
11.655001
10.988358
10.303198
9.599007
8.875257
8.131403
7.366888
6.581138
5.773563
4.943557
4.090496
3.213741
2.312633
1.386496
0.434635
-0.543665
-1.549139
-2.582541
-3.644646
-4.736253
-5.858180
-7.011270
-8.196388
-9.414423
-10.666291
-11.952931
-13.275309
-14.634417
-16.031276
-17.466933
-18.942468
-18.942468
-18.942468
-18.942468
-18.942468
-18.942468
-18.942468
-18.942468
-18.942468
-18.942468
-18.942468
-18.942468
-18.942468
-18.942468
-18.942468
-18.942468
-18.942468
-18.942468
-18.942468
-18.942468
-18.942468
-18.942468
-18.942468
-18.942468
-18.942468
-18.942468
-18.942468
-18.942468
-18.942468
-18.942468
-18.942468
-18.942468
-18.942468
-18.942468
-18.942468
-18.942468
-18.942468
-18.942468
-18.942468
-18.942468
-18.592337
-18.613987
-18.634417
-18.653686
