5.693993
5.695451
5.697899
5.701350
5.705819
5.711320
5.717866
5.725473
5.734155
5.743924
5.754796
5.766785
5.779904
5.794169
5.809592
5.826189
5.843973
5.862958
5.883159
5.904590
5.927265
5.951197
5.976402
6.002893
6.030685
6.059791
6.090225
6.122003
6.155137
6.189643
6.225533
6.262823
6.301527
6.341658
6.383231
6.426260
6.470758
6.516741
6.564223
6.613216
6.663737
6.715798
6.769413
6.824598
6.881366
6.939731
6.999708
7.061310
7.124551
7.189447
7.256010
-64.306490
-64.306490
-64.306490
-64.306490
-64.306490
-64.306490
-64.306490
-64.306490
-64.306490
-64.306490
-64.306490
-64.306490
-64.306490
-64.306490
-64.306490
-64.306490
-64.306490
-64.306490
-64.306490
-64.306490
-64.306490
-64.306490
-64.306490
-64.306490
-64.306490
-64.306490
-64.306490
-64.306490
-64.306490
-64.306490
-64.306490
-64.306490
-64.306490
-64.306490
-64.306490
-64.306490
-64.306490
-64.306490
-64.306490
-64.306490
-64.306490
-64.306490
-64.306490
-64.306490
-64.306490
-64.306490
-64.306490
-64.306490
-64.306490
-64.306490
-64.306490
-64.306490
-64.306490
-64.306490
-64.306490
-64.306490
-64.306490
-64.306490
-64.306490
-64.306490
-64.306490
-64.306490
-64.306490
-64.306490
-64.306490
-64.306490
-64.306490
-64.306490
-64.306490
-64.306490
-64.306490
-64.306490
-64.306490
-64.306490
-64.306490
-64.306490
-64.306490
-64.306490
-64.306490
-64.306490
-64.306490
-64.306490
-64.306490
-64.306490
-64.306490
-64.306490
-64.306490
-64.306490
-64.306490
-64.306490
-64.306490
-64.306490
-64.306490
-64.306490
-64.306490
-64.306490
-64.306490
-64.306490
-64.306490
-64.306490
-64.306490
-64.306490
25.695074
26.012276
26.332631
26.656151
26.982852
27.312747
27.645851
27.982178
28.321741
28.664556
29.010635
29.359994
29.712647
30.068606
30.427888
30.790505
31.156473
31.525804
31.898514
32.274616
32.654125
33.037054
33.423418
33.813230
34.206506
34.603259
35.003504
35.407253
35.814523
36.225326
36.639677
37.057590
37.479079
37.904158
38.332842
38.765144
39.201079
39.640660
40.083903
40.530820
40.981427
41.435737
41.893765
42.355524
42.821029
43.290293
43.763332
44.240159
44.720788
45.205234
45.693510
-19.306490
-19.452829
-19.597734
-19.741211
-19.883267
-20.023910
-20.163146
-20.300983
-20.437428
-20.572487
-20.706169
-20.838479
-20.969425
-21.099015
-21.227254
-21.354151
-21.479712
-21.603944
-21.726855
-21.848451
-21.968739
-22.087727
-22.205422
-22.321831
-22.436960
-22.550818
-22.663410
-22.774744
-22.884827
-22.993667
-23.101269
-23.207642
-23.312792
-23.416727
-23.519453
-23.620978
-23.721308
-23.820451
-23.918414
-24.015203
-24.110826
-24.205291
-24.298603
-24.390770
-24.481800
-24.571699
-24.660474
-24.748132
-24.834681
-24.920127
-25.004478
-25.087740
-25.169921
-25.251028
-25.331068
-25.410047
-25.487974
-25.564854
-25.640696
-25.715506
-25.789291
-25.862058
-25.933815
-26.004568
-26.074325
-26.143092
-26.210877
-26.277686
-26.343527
-26.408407
-26.472333
-26.535312
-26.597351
-26.658457
-26.718637
-26.777899
-26.836249
-26.893694
-26.950241
-27.005899
-27.060672
-27.114570
-27.167598
-27.219763
-27.271074
-27.321536
-27.371158
-27.419946
-27.467906
-27.515047
-27.561375
-27.606898
-27.651621
-27.695554
-27.738701
-27.781072
-27.822672
-27.863508
-27.903589
-27.942920
-27.981510
-28.019364
-28.056490
-28.092896
-28.128587
-28.163572
-28.197857
-28.231450
-28.264357
-28.296586
-28.328143
-28.359036
-28.389271
-28.418857
-28.447799
-28.476105
-28.503782
-28.530838
-28.557278
-28.583111
-28.608342
-28.632981
-28.657032
-28.680504
-28.703404
-28.725738
-28.747514
-28.768739
-28.789419
-28.809562
-28.829176
-28.848266
-28.866840
-28.884906
-28.902469
-28.919538
-28.936120
-28.952221
-28.967848
-28.983009
-28.997710
-29.011959
-29.025763
-29.039129
-29.052063
-29.064574
-29.076667
-29.088351
-29.099632
-29.110517
-29.121013
-29.131128
-29.140868
-29.150240
-29.159252
-29.167911
-29.176224
-29.184197
-29.191838
-29.199154
-29.206152
-29.212839
-29.219222
-29.225308
-29.231104
-29.236618
-29.241856
-29.246826
-29.251534
-29.255988
-29.260194
-29.264160
-29.267893
-29.271399
-29.274687
-29.277762
-29.280633
-29.283306
-29.285787
-29.288085
-29.290207
-29.292159
-29.293948
-29.295582
-29.297067
-29.298411
-29.299621
-29.300703
-29.301665
-29.302515
-29.303258
-29.303902
-29.304455
-29.304922
-29.305312
-29.305631
-29.305887
-29.306086
-29.306236
-29.306343
-29.306415
-29.306458
-29.306481
-29.306489
25.889598
26.085742
26.282000
26.478427
26.675080
26.872016
27.069291
27.266962
27.465085
27.663717
27.862915
28.062734
28.263232
28.464465
28.666490
28.869362
29.073139
29.277878
29.483634
29.690464
29.898425
30.107574
30.317966
30.529659
30.742708
30.957172
31.173105
31.390564
31.609607
31.830290
32.052668
32.276800
32.502740
32.730547
32.960276
33.191983
33.425726
33.661561
33.899545
34.139733
34.382183
34.626952
34.874095
35.123669
35.375730
35.630337
35.887543
36.147408
36.409986
36.675334
36.943510
37.214569
37.488568
37.765564
38.045612
38.328771
38.615095
38.904643
39.197469
39.493632
39.793187
40.096191
40.402700
40.712771
41.026461
41.343825
41.664922
41.989806
42.318535
42.651166
42.987754
43.328356
43.673029
44.021830
44.374815
44.732039
45.093561
45.459437
45.829723
46.204475
46.583750
46.967605
47.356096
47.749280
48.147214
48.549953
48.957554
49.370075
49.787571
50.210098
50.637715
51.070476
51.508440
51.951661
52.400197
52.854104
53.313439
53.778259
54.248619
54.724576
55.206188
55.693510
56.186599
56.685511
57.190304
57.701033
58.217756
58.740528
59.269406
59.804448
60.345708
60.893244
61.447113
62.007371
62.574074
63.147279
63.727043
64.313422
64.906473
65.506252
66.112815
66.726220
67.346522
67.973779
68.608047
69.249382
69.897841
70.553481
71.216357
71.886528
72.564048
73.248975
73.941365
74.641275
75.348761
76.063880
76.786689
77.517243
78.255599
79.001815
79.755946
80.518049
81.288181
82.066398
82.852757
83.647313
84.450125
85.261248
86.080738
86.908653
87.745049
88.589983
89.443510
90.305688
91.176573
92.056221
92.944690
93.842035
94.748313
95.663582
96.587896
97.521314
98.463890
99.415683
100.376748
101.347142
102.326922
103.316144
104.314864
105.323139
106.341027
107.368582
108.405862
109.452924
110.509823
111.576617
112.653361
113.740113
114.836929
115.943866
117.060980
118.188327
119.325965
120.473949
121.632336
122.801183
123.980547
125.170483
126.371049
127.582301
128.804295
130.037088
131.280737
132.535298
133.800827
135.077382
136.365018
137.663793
138.973762
140.294983
141.627511
142.971404
144.326718
145.693510
-58.266890
-58.226521
-58.185383
-58.143476
-58.100800
-58.057355
-58.013141
-57.968159
-57.922407
-57.875887
-57.828597
-57.780539
-57.731711
-57.682115
-57.631750
-57.580616
-57.528712
-57.476040
-57.422599
-57.368389
-57.313411
-57.257663
-57.201146
-57.143860
-57.085806
-57.026982
-56.967390
-56.907028
-56.845898
-56.783999
-56.721331
-56.657893
-56.593687
-56.528712
-56.462968
-56.396456
-56.329174
-56.261123
-56.192303
-56.122715
-56.052357
-55.981231
-55.909335
-55.836671
-55.763238
-55.689035
-55.614064
-55.538324
-55.461815
-55.384537
-55.306490
-55.227674
-55.148090
-55.067736
-54.986613
-54.904722
-54.822061
-54.738632
-54.654433
-54.569466
-54.483730
-54.397225
-54.309950
-54.221907
-54.133095
-54.043514
-53.953165
-53.862046
-53.770158
-53.677501
-53.584076
-53.489881
-53.394918
-53.299185
-53.202684
-53.105414
-53.007374
-52.908566
-52.808989
-52.708643
-52.607528
-52.505644
-52.402992
-52.299570
-52.195379
-52.090419
-51.984691
-51.878193
-51.770927
-51.662892
-51.554087
-51.444514
-51.334172
-51.223061
-51.111181
-50.998532
-50.885114
-50.770927
-50.655971
-50.540246
-50.423753
-50.306490
-50.188459
-50.069658
-49.950089
-49.829750
-49.708643
-49.586767
-49.464122
-49.340708
-49.216525
-49.091573
-48.965852
-48.839362
-48.712103
-48.584076
-48.455279
-48.325714
-48.195379
-48.064276
-47.932403
-47.799762
-47.666352
-47.532173
-47.397225
-47.261507
-47.125022
-46.987767
-46.849743
-46.710950
-46.571388
-46.431058
-46.289958
-46.148090
-46.005452
-45.862046
-45.717870
-45.572926
-45.427213
-45.280731
-45.133480
-44.985460
-44.836671
-44.687113
-44.536786
-44.385690
-44.233826
-44.081192
-43.927790
-43.773618
-43.618678
-43.462968
-43.306490
-43.149243
-42.991227
-42.832442
-42.672888
-42.512565
-42.351473
-42.189612
-42.026982
-41.863584
-41.699416
-41.534479
-41.368774
-41.202299
-41.035056
-40.867044
-40.698263
-40.528712
-40.358393
-40.187305
-40.015448
-39.842822
-39.669428
-39.495264
-39.320331
-39.144629
-38.968159
-38.790919
-38.612911
-38.434133
-38.254587
-38.074272
-37.893188
-37.711334
-37.528712
-37.345321
-37.161161
-36.976233
-36.790535
-36.604068
-36.416832
-36.228828
-36.040054
-35.850512
-35.660200
-35.469120
-35.277271
-35.084652
-34.891265
-34.697109
-34.502184
-34.306490
25.693510
25.595471
25.497431
25.399392
25.301353
25.203314
25.105275
25.007235
24.909196
24.811157
24.713118
24.615078
24.517039
24.419000
24.320961
24.222922
24.124882
24.026843
23.928804
23.830765
23.732726
23.634686
23.536647
23.438608
23.340569
23.242529
23.144490
23.046451
22.948412
22.850373
22.752333
22.654294
22.556255
22.458216
22.360176
22.262137
22.164098
22.066059
21.968020
21.869980
21.771941
21.673902
21.575863
21.477824
21.379784
21.281745
21.183706
21.085667
20.987627
20.889588
20.791549
20.693510
20.595471
20.497431
20.399392
20.301353
20.203314
20.105275
20.007235
19.909196
19.811157
19.713118
19.615078
19.517039
19.419000
19.320961
19.222922
19.124882
19.026843
18.928804
18.830765
18.732726
18.634686
18.536647
18.438608
18.340569
18.242529
18.144490
18.046451
17.948412
17.850373
17.752333
17.654294
17.556255
17.458216
17.360176
17.262137
17.164098
17.066059
16.968020
16.869980
16.771941
16.673902
16.575863
16.477824
16.379784
16.281745
16.183706
16.085667
15.987627
15.889588
15.791549
15.693510
15.595471
15.497431
15.399392
75.693510
75.693510
75.693510
75.693510
75.693510
75.693510
75.693510
75.693510
75.693510
75.693510
75.693510
75.693510
75.693510
75.693510
75.693510
75.693510
75.693510
75.693510
75.693510
75.693510
75.693510
75.693510
75.693510
75.693510
75.693510
75.693510
75.693510
75.693510
75.693510
75.693510
75.693510
75.693510
75.693510
75.693510
75.693510
75.693510
75.693510
75.693510
75.693510
75.693510
75.693510
75.693510
75.693510
75.693510
75.693510
75.693510
75.693510
75.693510
75.693510
75.693510
75.693510
10.301353
10.203314
10.105275
10.007235
9.909196
9.811157
9.713118
9.615078
9.517039
9.419000
9.320961
9.222922
9.124882
9.026843
8.928804
8.830765
8.732726
8.634686
8.536647
8.438608
8.340569
8.242529
8.144490
8.046451
7.948412
7.850373
7.752333
7.654294
7.556255
7.458216
7.360176
7.262137
7.164098
7.066059
6.968020
6.869980
6.771941
6.673902
6.575863
6.477824
6.379784
6.281745
6.183706
6.085667
5.987627
5.889588
5.791549
5.701350
5.697899
5.695451
5.693993
