0.000977
0.001953
0.002930
0.003906
0.004883
0.005859
0.006836
0.007812
0.008789
0.009766
0.010742
0.011719
0.012695
0.013672
0.014648
0.015625
0.016602
0.017578
0.018555
0.019531
0.020508
0.021484
0.022461
0.023438
0.024414
0.025391
0.026367
0.027344
0.028320
0.029297
0.030273
0.031250
0.032227
0.033203
0.034180
0.035156
0.036133
0.037109
0.038086
0.039062
0.040039
0.041016
0.041992
0.042969
0.043945
0.044922
0.045898
0.046875
0.047852
0.048828
0.049805
0.050781
0.051758
0.052734
0.053711
0.054688
0.055664
0.056641
0.057617
0.058594
0.059570
0.060547
0.061523
0.062500
0.063477
0.064453
0.065430
0.066406
0.067383
0.068359
0.069336
0.070312
0.071289
0.072266
0.073242
0.074219
0.075195
0.076172
0.077148
0.078125
0.079102
0.080078
0.081055
0.082031
0.083008
0.083984
0.084961
0.085938
0.086914
0.087891
0.088867
0.089844
0.090820
0.091797
0.092773
0.093750
0.094727
0.095703
0.096680
0.097656
0.098633
0.099609
0.100586
0.101562
0.102539
0.103516
0.104492
0.105469
0.106445
0.107422
0.108398
0.109375
0.110352
0.111328
0.112305
0.113281
0.114258
0.115234
0.116211
0.117188
0.118164
0.119141
0.120117
0.121094
0.122070
0.123047
0.124023
0.125000
0.125977
0.126953
0.127930
0.128906
0.129883
0.130859
0.131836
0.132812
0.133789
0.134766
0.135742
0.136719
0.137695
0.138672
0.139648
0.140625
0.141602
0.142578
0.143555
0.144531
0.145508
0.146484
0.147461
0.148438
0.149414
0.150391
0.151367
0.152344
0.153320
0.154297
0.155273
0.156250
0.157227
0.158203
0.159180
0.160156
0.161133
0.162109
0.163086
0.164062
0.165039
0.166016
0.166992
0.167969
0.168945
0.169922
0.170898
0.171875
0.172852
0.173828
0.174805
0.175781
0.176758
0.177734
0.178711
0.179688
0.180664
0.181641
0.182617
0.183594
0.184570
0.185547
0.186523
0.187500
0.188477
0.189453
0.190430
0.191406
0.192383
0.193359
0.194336
0.195312
0.196289
0.197266
0.198242
0.199219
0.200195
0.201172
0.202148
0.203125
0.204102
0.205078
0.206055
0.207031
0.208008
0.208984
0.209961
0.210938
0.211914
0.212891
0.213867
0.214844
0.215820
0.216797
0.217773
0.218750
0.219727
0.220703
0.221680
0.222656
0.223633
0.224609
0.225586
0.226562
0.227539
0.228516
0.229492
0.230469
0.231445
0.232422
0.233398
0.234375
0.235352
0.236328
0.237305
0.238281
0.239258
0.240234
0.241211
0.242188
0.243164
0.244141
0.245117
0.246094
0.247070
0.248047
0.249023
0.250000
0.250977
0.251953
0.252930
0.253906
0.254883
0.255859
0.256836
0.257812
0.258789
0.259766
0.260742
0.261719
0.262695
0.263672
0.264648
0.265625
0.266602
0.267578
0.268555
0.269531
0.270508
0.271484
0.272461
0.273438
0.274414
0.275391
0.276367
0.277344
0.278320
0.279297
0.280273
0.281250
0.282227
0.283203
0.284180
0.285156
0.286133
0.287109
0.288086
0.289062
0.290039
0.291016
0.291992
0.292969
0.293945
0.294922
0.295898
0.296875
0.297852
0.298828
0.299805
0.300781
0.301758
0.302734
0.303711
0.304688
0.305664
0.306641
0.307617
0.308594
0.309570
0.310547
0.311523
0.312500
0.313477
0.314453
0.315430
0.316406
0.317383
0.318359
0.319336
0.320312
0.321289
0.322266
0.323242
0.324219
0.325195
0.326172
0.327148
0.328125
0.329102
0.330078
0.331055
0.332031
0.333008
0.333984
0.334961
0.335938
0.336914
0.337891
0.338867
0.339844
0.340820
0.341797
0.342773
0.343750
0.344727
0.345703
0.346680
0.347656
0.348633
0.349609
0.350586
0.351562
0.352539
0.353516
0.354492
0.355469
0.356445
0.357422
0.358398
0.359375
0.360352
0.361328
0.362305
0.363281
0.364258
0.365234
0.366211
0.367188
0.368164
0.369141
-0.629883
-0.628906
-0.627930
-0.626953
-0.625977
-0.625000
-0.624023
-0.623047
-0.622070
-0.621094
-0.620117
-0.619141
-0.618164
-0.617188
-0.616211
-0.615234
-0.614258
-0.613281
-0.612305
-0.611328
-0.610352
-0.609375
-0.608398
-0.607422
-0.606445
-0.605469
-0.604492
-0.603516
-0.602539
-0.601562
-0.600586
-0.599609
-0.598633
-0.597656
-0.596680
-0.595703
-0.594727
-0.593750
-0.592773
-0.591797
-0.590820
-0.589844
-0.588867
-0.587891
-0.586914
-0.585938
-0.584961
-0.583984
-0.583008
-0.582031
-0.581055
-0.580078
-0.579102
-0.578125
-0.577148
-0.576172
-0.575195
-0.574219
-0.573242
-0.572266
-0.571289
-0.570312
-0.569336
-0.568359
-0.567383
-0.566406
-0.565430
-0.564453
-0.563477
-0.562500
-0.561523
-0.560547
-0.559570
-0.558594
-0.557617
-0.556641
-0.555664
-0.554688
-0.553711
-0.552734
-0.551758
-0.550781
-0.549805
-0.548828
-0.547852
-0.546875
-0.545898
-0.544922
-0.543945
-0.542969
-0.541992
-0.541016
-0.540039
-0.539062
-0.538086
-0.537109
-0.536133
-0.535156
-0.534180
-0.533203
-0.532227
-0.531250
-0.530273
-0.529297
-0.528320
-0.527344
-0.526367
-0.525391
-0.524414
-0.523438
-0.522461
-0.521484
-0.520508
-0.519531
-0.518555
-0.517578
-0.516602
-0.515625
-0.514648
-0.513672
-0.512695
-0.511719
-0.510742
-0.509766
-0.508789
-0.507812
-0.506836
-0.505859
-0.504883
-0.503906
-0.502930
-0.501953
-0.500977
-0.500000
-0.499023
-0.498047
-0.497070
-0.496094
-0.495117
-0.494141
-0.493164
-0.492188
-0.491211
-0.490234
-0.489258
-0.488281
-0.487305
-0.486328
-0.485352
-0.484375
-0.483398
-0.482422
-0.481445
-0.480469
-0.479492
-0.478516
-0.477539
-0.476562
-0.475586
-0.474609
-0.473633
-0.472656
-0.471680
-0.470703
-0.469727
-0.468750
-0.467773
-0.466797
-0.465820
-0.464844
-0.463867
-0.462891
-0.461914
-0.460938
-0.459961
-0.458984
-0.458008
-0.457031
-0.456055
-0.455078
-0.454102
-0.453125
-0.452148
-0.451172
-0.450195
-0.449219
-0.448242
-0.447266
-0.446289
-0.445312
-0.444336
-0.443359
-0.442383
-0.441406
-0.440430
-0.439453
-0.438477
-0.437500
-0.436523
-0.435547
-0.434570
-0.433594
-0.432617
-0.431641
-0.430664
-0.429688
-0.428711
-0.427734
-0.426758
-0.425781
-0.424805
-0.423828
-0.422852
-0.421875
-0.420898
-0.419922
-0.418945
-0.417969
-0.416992
-0.416016
-0.415039
-0.414062
-0.413086
-0.412109
-0.411133
-0.410156
-0.409180
-0.408203
-0.407227
-0.406250
-0.405273
-0.404297
-0.403320
-0.402344
-0.401367
-0.400391
-0.399414
-0.398438
-0.397461
-0.396484
-0.395508
-0.394531
-0.393555
-0.392578
-0.391602
-0.390625
-0.389648
-0.388672
-0.387695
-0.386719
-0.385742
-0.384766
-0.383789
-0.382812
-0.381836
-0.380859
-0.379883
-0.378906
-0.377930
-0.376953
-0.375977
-0.375000
-0.374023
-0.373047
-0.372070
-0.371094
-0.370117
-0.369141
-0.368164
-0.367188
-0.366211
-0.365234
-0.364258
-0.363281
-0.362305
-0.361328
-0.360352
-0.359375
-0.358398
-0.357422
-0.356445
-0.355469
-0.354492
-0.353516
-0.352539
-0.351562
-0.350586
-0.349609
-0.348633
-0.347656
-0.346680
-0.345703
-0.344727
-0.343750
-0.342773
-0.341797
-0.340820
-0.339844
-0.338867
-0.337891
-0.336914
-0.335938
-0.334961
-0.333984
-0.333008
-0.332031
-0.331055
-0.330078
-0.329102
-0.328125
-0.327148
-0.326172
-0.325195
-0.324219
-0.323242
-0.322266
-0.321289
-0.320312
-0.319336
-0.318359
-0.317383
-0.316406
-0.315430
-0.314453
-0.313477
-0.312500
-0.311523
-0.310547
-0.309570
-0.308594
-0.307617
-0.306641
-0.305664
-0.304688
-0.303711
-0.302734
-0.301758
-0.300781
-0.299805
-0.298828
-0.297852
-0.296875
-0.295898
-0.294922
-0.293945
-0.292969
-0.291992
-0.291016
-0.290039
-0.289062
-0.288086
-0.287109
-0.286133
-0.285156
-0.284180
-0.283203
-0.282227
-0.281250
-0.280273
-0.279297
-0.278320
-0.277344
-0.276367
-0.275391
-0.274414
-0.273438
-0.272461
-0.271484
-0.270508
-0.269531
-0.268555
-0.267578
-0.266602
-0.265625
-0.264648
-0.263672
-0.262695
-0.261719
-0.260742
-0.259766
-0.258789
-0.257812
-0.256836
-0.255859
-0.254883
-0.253906
-0.252930
-0.251953
-0.250977
-0.250000
-0.249023
-0.248047
-0.247070
-0.246094
-0.245117
-0.244141
-0.243164
-0.242188
-0.241211
-0.240234
-0.239258
-0.238281
-0.237305
-0.236328
-0.235352
-0.234375
-0.233398
-0.232422
-0.231445
-0.230469
-0.229492
-0.228516
-0.227539
-0.226562
-0.225586
-0.224609
-0.223633
-0.222656
-0.221680
-0.220703
-0.219727
-0.218750
-0.217773
-0.216797
-0.215820
-0.214844
-0.213867
-0.212891
-0.211914
-0.210938
-0.209961
-0.208984
-0.208008
-0.207031
-0.206055
-0.205078
-0.204102
-0.203125
-0.202148
-0.201172
-0.200195
-0.199219
-0.198242
-0.197266
-0.196289
-0.195312
-0.194336
-0.193359
-0.192383
-0.191406
-0.190430
-0.189453
-0.188477
-0.187500
-0.186523
-0.185547
-0.184570
-0.183594
-0.182617
-0.181641
-0.180664
-0.179688
-0.178711
-0.177734
-0.176758
-0.175781
-0.174805
-0.173828
-0.172852
-0.171875
-0.170898
-0.169922
-0.168945
-0.167969
-0.166992
-0.166016
-0.165039
-0.164062
-0.163086
-0.162109
-0.161133
-0.160156
-0.159180
-0.158203
-0.157227
-0.156250
-0.155273
-0.154297
-0.153320
-0.152344
-0.151367
-0.150391
-0.149414
-0.148438
-0.147461
-0.146484
-0.145508
-0.144531
-0.143555
-0.142578
-0.141602
-0.140625
-0.139648
-0.138672
-0.137695
-0.136719
-0.135742
-0.134766
-0.133789
-0.132812
-0.131836
-0.130859
-0.129883
-0.128906
-0.127930
-0.126953
-0.125977
-0.125000
-0.124023
-0.123047
-0.122070
-0.121094
-0.120117
-0.119141
-0.118164
-0.117188
-0.116211
-0.115234
-0.114258
-0.113281
-0.112305
-0.111328
-0.110352
-0.109375
-0.108398
-0.107422
-0.106445
-0.105469
-0.104492
-0.103516
-0.102539
-0.101562
-0.100586
-0.099609
-0.098633
-0.097656
-0.096680
-0.095703
-0.094727
-0.093750
-0.092773
-0.091797
-0.090820
-0.089844
-0.088867
-0.087891
-0.086914
-0.085938
-0.084961
-0.083984
-0.083008
-0.082031
-0.081055
-0.080078
-0.079102
-0.078125
-0.077148
-0.076172
-0.075195
-0.074219
-0.073242
-0.072266
-0.071289
-0.070312
-0.069336
-0.068359
-0.067383
-0.066406
-0.065430
-0.064453
-0.063477
-0.062500
-0.061523
-0.060547
-0.059570
-0.058594
-0.057617
-0.056641
-0.055664
-0.054688
-0.053711
-0.052734
-0.051758
-0.050781
-0.049805
-0.048828
-0.047852
-0.046875
-0.045898
-0.044922
-0.043945
-0.042969
-0.041992
-0.041016
-0.040039
-0.039062
-0.038086
-0.037109
-0.036133
-0.035156
-0.034180
-0.033203
-0.032227
-0.031250
-0.030273
-0.029297
-0.028320
-0.027344
-0.026367
-0.025391
-0.024414
-0.023438
-0.022461
-0.021484
-0.020508
-0.019531
-0.018555
-0.017578
-0.016602
-0.015625
-0.014648
-0.013672
-0.012695
-0.011719
-0.010742
-0.009766
-0.008789
-0.007812
-0.006836
-0.005859
-0.004883
-0.003906
-0.002930
-0.001953
-0.000977
0.000000
